1	2	1
1	3	2
2	12	3
3	5	4
3	12	5
4	5	6
4	11	7
5	6	8
5	11	9
6	7	10
7	12	11
8	5	12
8	9	13
8	30	14
9	10	15
11	12	16
11	13	17
12	14	18
12	16	19
12	117	20
13	15	21
14	15	22
15	17	23
15	19	24
15	33	25
16	17	26
17	18	27
17	31	28
17	113	29
18	19	30
19	20	31
19	34	32
20	21	33
21	22	34
22	23	35
23	24	36
23	25	37
23	32	38
24	70	39
24	72	40
25	27	41
26	25	42
26	30	43
27	28	44
27	32	45
27	115	46
28	29	47
29	31	48
30	17	49
30	38	50
31	32	51
32	113	52
32	114	53
33	37	54
34	36	55
34	37	56
34	43	57
35	36	58
35	37	59
37	39	60
37	40	61
38	37	62
38	65	63
39	40	64
40	41	65
40	42	66
41	42	67
42	49	68
42	49	69
43	44	70
44	45	71
45	46	72
45	49	73
46	47	74
46	48	75
47	49	76
47	69	77
48	49	78
49	50	79
49	51	80
49	54	81
49	54	82
49	66	83
49	66	84
49	69	85
50	57	86
51	52	87
51	58	88
52	53	89
53	54	90
54	55	91
54	56	92
54	59	93
55	56	94
55	59	95
56	57	96
56	58	97
56	59	98
56	59	99
59	60	100
59	61	101
60	61	102
60	62	103
61	62	104
62	66	105
62	67	106
63	59	107
63	64	108
64	61	109
64	65	110
65	66	111
65	68	112
66	67	113
68	69	114
68	81	115
68	116	116
69	70	117
69	75	118
69	77	119
70	71	120
70	74	121
70	75	122
71	72	123
71	73	124
74	75	125
75	77	126
75	118	127
76	77	128
76	118	129
77	78	130
77	80	131
77	80	132
77	82	133
78	79	134
79	80	135
80	96	136
80	97	137
80	98	138
80	99	139
81	80	140
82	83	141
82	96	142
83	84	143
83	85	144
84	85	145
85	86	146
85	88	147
85	89	148
86	87	149
88	89	150
89	90	151
89	90	152
89	92	153
89	92	154
90	91	155
91	92	156
92	93	157
92	94	158
92	100	159
92	102	160
93	94	161
94	95	162
94	96	163
94	100	164
95	96	165
96	97	166
98	100	167
99	100	168
100	101	169
100	103	170
100	104	171
100	106	172
101	102	173
103	104	174
103	105	175
103	110	176
104	105	177
105	106	178
105	107	179
105	108	180
106	107	181
108	109	182
109	110	183
110	111	184
110	112	185
114	115	186
