1	2	1
2	3	1
2	5	1
2	8	1
3	4	1
3	8	1
3	13	1
5	6	1
6	7	1
7	8	1
7	9	1
7	10	1
9	11	1
10	16	1
10	21	1
11	12	1
11	20	1
12	13	1
12	14	1
14	61	1
14	73	1
14	76	1
15	16	1
15	17	1
17	18	1
18	24	1
19	20	1
20	21	1
21	22	1
21	23	1
22	24	1
23	58	1
24	26	1
24	25	1
24	28	1
25	27	1
27	28	1
27	29	1
27	59	1
28	29	1
28	30	1
30	31	1
30	34	1
31	33	1
32	35	1
32	60	1
33	35	1
34	38	1
35	36	1
35	40	1
35	60	1
36	38	1
36	39	1
37	38	1
39	42	1
40	41	1
40	43	1
41	66	1
41	64	1
42	43	1
43	44	1
43	45	1
43	46	1
44	51	1
45	46	1
46	47	1
47	50	1
47	49	1
47	48	1
48	53	1
48	68	1
49	52	1
51	54	1
52	55	1
52	56	1
53	68	1
54	55	1
55	56	1
56	57	1
58	59	1
59	60	1
59	61	1
60	63	1
61	62	1
62	64	1
62	63	1
63	64	1
64	65	1
64	78	1
64	67	1
65	67	1
66	68	1
67	68	1
67	71	1
68	71	1
68	69	1
68	70	1
71	83	1
72	73	1
73	76	1
74	75	1
75	88	1
75	81	1
75	79	1
76	79	1
77	78	1
78	81	1
79	81	1
79	82	1
79	80	1
80	95	1
81	82	1
83	84	1
84	85	1
84	101	1
85	101	1
86	100	1
86	101	1
86	88	1
87	88	1
88	91	1
88	98	1
89	91	1
89	92	1
89	90	1
90	91	1
90	92	1
91	92	1
92	93	1
92	95	1
93	94	1
94	97	1
95	96	1
96	98	1
97	98	1
97	104	1
97	103	1
98	99	1
99	103	1
100	101	1
101	102	1
102	110	1
103	104	1
103	105	1
103	106	1
104	108	1
105	106	1
106	107	1
107	108	1
107	109	1
108	110	1
109	119	1
110	111	1
110	112	1
111	115	1
112	114	1
113	114	1
113	120	1
113	118	1
114	116	1
115	117	1
115	118	1
115	120	1
119	120	1
119	122	1
121	123	1
121	126	1
122	123	1
124	125	1
124	127	1
125	126	1
