1 2	1
2 3	1
3 4	1
3 5	1
3 6	1
4 5	1
4 6	1
5 7	1
8 9	1
8 22	1
8 23	1
10 11	1
10 9	1
10 19	1
11 12	1
11 24	1
11 17	1
11 25	1
12 15	1
12 24	1
12 25	1
12 28	1
13 15	1
14 15	1
14 29	1
15 26	1
15 16	1
16 28	1
17 18	1
17 20	1
9 19	1
9 20	1
18 27	1
19 22	1
20 22	1
21 23	1
30 31	1
31 32	1
31 33	1
32 34	1
33 35	1
35 38	1
35 36	1
35 37	1
34 35	1
36 38	1
36 39	1
40 42	1
42 59	1
43 44	1
43 45	1
46 47	1
46 53	1
46 80	1
47 49	1
47 58	1
48 51	1
48 59	1
48 60	1
48 61	1
49 50	1
49 58	1
49 65	1
50 55	1
51 53	1
51 54	1
52 54	1
55 56	1
55 57	1
60 63	1
60 61	1
62 63	1
62 64	1
63 61	1
64 65	1
66 67	1
66 68	1
66 74	1
66 76	1
67 68	1
68 69	1
68 70	1
70 72	1
71 73	1
71 77	1
71 79	1
72 77	1
74 76	1
75 78	1
76 77	1
76 79	1
78 79	1
79 80	1
1 10	1
3 13	1
3 26	1
6 72	1
4 30	1
7 35	1
11 40	1
15 41	1
21 43	1
28 47	1
12 48	1
27 61	1
29 78	1
14 79	1

