1	52	1
2	750	1
2	739	1
3	90	1
3	66	1
3	9	1
3	4	1
4	5	1
5	791	1
6	1068	1
6	8	1
6	7	1
7	1076	1
7	1052	1
8	1043	1
8	892	1
8	87	1
9	115	1
10	882	1
10	878	1
10	877	1
10	744	1
11	1043	1
11	732	1
12	890	1
12	755	1
13	1068	1
14	85	1
14	27	1
15	28	1
16	22	1
16	18	1
16	17	1
17	1052	1
17	864	1
17	86	1
19	892	1
19	883	1
19	754	1
19	62	1
19	20	1
20	746	1
21	125	1
21	123	1
21	23	1
21	22	1
22	1076	1
22	875	1
22	746	1
22	735	1
23	158	1
23	124	1
23	113	1
24	754	1
24	117	1
24	25	1
25	893	1
25	884	1
25	827	1
25	746	1
25	737	1
26	121	1
26	30	1
27	980	1
27	897	1
27	150	1
27	85	1
27	28	1
28	1086	1
28	830	1
28	747	1
28	69	1
29	1054	1
30	816	1
30	148	1
30	44	1
30	43	1
30	38	1
30	31	1
31	738	1
31	352	1
32	1086	1
32	1084	1
32	738	1
32	110	1
32	75	1
32	41	1
32	34	1
33	1045	1
33	34	1
34	879	1
34	55	1
34	36	1
35	1045	1
35	36	1
36	1058	1
36	874	1
36	141	1
36	109	1
37	1045	1
37	869	1
38	869	1
38	46	1
38	39	1
39	738	1
39	141	1
40	753	1
40	79	1
40	41	1
41	1057	1
42	1039	1
43	1039	1
43	753	1
43	79	1
43	65	1
43	64	1
44	888	1
44	753	1
45	869	1
45	867	1
45	80	1
46	895	1
46	814	1
46	148	1
47	93	1
47	49	1
48	119	1
48	52	1
48	49	1
49	52	1
50	832	1
50	51	1
51	52	1
53	740	1
54	736	1
54	59	1
54	56	1
54	55	1
55	1041	1
55	912	1
55	750	1
55	740	1
55	134	1
55	132	1
56	730	1
56	57	1
57	894	1
57	868	1
58	873	1
59	873	1
59	749	1
60	872	1
60	751	1
61	886	1
61	752	1
61	741	1
62	99	1
63	891	1
64	74	1
64	72	1
64	65	1
65	733	1
65	128	1
65	78	1
66	67	1
67	745	1
67	91	1
68	732	1
69	1086	1
69	104	1
69	71	1
70	453	1
70	121	1
70	71	1
71	1018	1
72	120	1
72	73	1
73	1018	1
76	975	1
77	835	1
77	172	1
77	155	1
81	751	1
82	961	1
82	880	1
82	769	1
83	880	1
84	1018	1
86	1052	1
86	876	1
86	743	1
88	1068	1
88	103	1
89	890	1
89	171	1
90	91	1
91	882	1
91	744	1
92	152	1
92	93	1
93	175	1
94	1093	1
95	1093	1
96	106	1
96	105	1
97	895	1
97	98	1
98	879	1
99	896	1
100	884	1
100	131	1
101	980	1
101	829	1
102	755	1
102	170	1
103	1042	1
104	1084	1
104	1054	1
107	151	1
107	108	1
108	897	1
111	881	1
112	743	1
114	159	1
114	123	1
115	755	1
116	883	1
117	896	1
117	754	1
118	174	1
118	130	1
121	122	1
125	126	1
126	893	1
126	875	1
127	896	1
129	871	1
130	979	1
130	883	1
130	131	1
133	736	1
133	148	1
133	134	1
135	736	1
136	962	1
136	137	1
137	879	1
137	874	1
137	815	1
137	813	1
137	812	1
138	904	1
138	729	1
138	148	1
138	146	1
138	139	1
139	141	1
140	785	1
140	148	1
140	141	1
141	1041	1
141	812	1
142	816	1
142	148	1
143	874	1
144	145	1
147	769	1
148	962	1
148	961	1
149	742	1
152	975	1
152	154	1
152	153	1
155	834	1
156	833	1
156	157	1
157	835	1
157	834	1
157	833	1
160	933	1
160	219	1
161	1030	1
161	1011	1
161	192	1
161	166	1
161	164	1
162	933	1
162	796	1
162	786	1
162	221	1
162	188	1
162	167	1
162	163	1
163	936	1
163	456	1
163	164	1
164	1011	1
164	811	1
165	1027	1
167	783	1
167	221	1
168	171	1
169	745	1
172	832	1
173	960	1
174	920	1
175	920	1
176	779	1
176	228	1
177	977	1
177	203	1
178	847	1
178	782	1
178	185	1
179	781	1
179	186	1
179	181	1
180	781	1
181	782	1
181	781	1
181	209	1
182	782	1
183	847	1
183	184	1
184	223	1
186	942	1
186	848	1
186	778	1
186	228	1
187	240	1
188	795	1
188	226	1
188	224	1
188	215	1
189	937	1
189	916	1
189	193	1
190	445	1
191	445	1
192	232	1
193	937	1
193	204	1
194	205	1
194	203	1
195	935	1
195	849	1
195	216	1
196	932	1
196	810	1
196	202	1
196	200	1
196	197	1
197	976	1
197	824	1
198	977	1
198	822	1
198	205	1
198	199	1
199	206	1
200	945	1
200	810	1
200	202	1
201	978	1
201	822	1
202	810	1
203	938	1
203	787	1
203	204	1
204	934	1
204	809	1
204	789	1
204	218	1
205	207	1
205	206	1
207	1070	1
207	939	1
207	239	1
207	208	1
208	240	1
209	1103	1
209	448	1
209	315	1
209	239	1
210	239	1
210	213	1
211	1080	1
211	1040	1
211	212	1
212	1061	1
213	1080	1
214	1060	1
216	1091	1
216	227	1
217	941	1
217	231	1
218	934	1
218	849	1
218	784	1
219	933	1
219	795	1
219	780	1
220	977	1
221	825	1
221	796	1
221	444	1
221	249	1
221	222	1
222	936	1
222	227	1
223	1091	1
224	251	1
225	1080	1
226	992	1
226	783	1
226	228	1
226	227	1
227	784	1
228	992	1
228	978	1
228	822	1
228	779	1
228	778	1
228	251	1
229	1017	1
230	978	1
230	231	1
232	1027	1
232	410	1
233	937	1
233	495	1
233	445	1
234	942	1
235	457	1
236	254	1
237	253	1
237	247	1
238	783	1
239	240	1
240	941	1
240	248	1
241	942	1
242	1027	1
243	811	1
244	1030	1
244	432	1
245	786	1
245	249	1
246	1030	1
247	1080	1
247	1040	1
247	248	1
248	1061	1
248	447	1
249	825	1
250	441	1
251	848	1
252	1050	1
253	254	1
255	940	1
256	311	1
257	1103	1
257	446	1
258	793	1
258	442	1
258	413	1
258	312	1
259	909	1
259	774	1
259	512	1
259	440	1
259	433	1
259	284	1
259	263	1
259	260	1
260	922	1
260	426	1
260	371	1
260	367	1
260	364	1
260	264	1
261	943	1
261	808	1
261	274	1
261	262	1
262	419	1
262	373	1
263	774	1
263	264	1
265	1078	1
265	440	1
265	439	1
266	821	1
267	959	1
267	931	1
267	268	1
268	926	1
268	371	1
269	419	1
270	974	1
270	943	1
270	931	1
270	925	1
270	808	1
270	431	1
271	944	1
271	821	1
271	440	1
271	406	1
272	409	1
272	362	1
272	273	1
273	946	1
273	408	1
274	418	1
274	368	1
275	1053	1
275	974	1
275	923	1
275	431	1
275	278	1
275	276	1
276	1024	1
276	432	1
276	410	1
276	374	1
276	298	1
276	277	1
277	946	1
277	378	1
278	898	1
278	452	1
278	422	1
278	362	1
279	281	1
279	280	1
280	982	1
280	361	1
281	302	1
282	1046	1
282	311	1
282	308	1
283	770	1
283	289	1
285	1065	1
285	1034	1
285	287	1
285	286	1
286	922	1
286	820	1
286	309	1
287	770	1
287	420	1
288	910	1
289	1034	1
289	960	1
289	774	1
290	1038	1
290	910	1
291	1038	1
292	1065	1
292	958	1
293	1081	1
293	297	1
293	294	1
294	1065	1
294	296	1
294	295	1
295	914	1
295	820	1
297	1081	1
297	337	1
298	837	1
298	772	1
299	308	1
300	301	1
301	898	1
301	842	1
301	377	1
301	319	1
301	303	1
301	302	1
304	966	1
304	807	1
305	999	1
305	982	1
305	837	1
306	312	1
307	794	1
307	455	1
308	1046	1
308	309	1
309	772	1
309	378	1
309	372	1
310	1037	1
311	1037	1
311	794	1
311	411	1
312	1056	1
312	794	1
313	1056	1
314	756	1
315	321	1
316	451	1
317	758	1
318	900	1
320	323	1
320	321	1
321	446	1
321	375	1
321	323	1
321	322	1
322	763	1
322	762	1
322	566	1
322	447	1
322	331	1
323	901	1
323	900	1
323	760	1
323	324	1
325	330	1
326	1098	1
326	416	1
327	930	1
327	819	1
327	801	1
328	917	1
328	333	1
328	329	1
329	917	1
329	375	1
330	987	1
330	331	1
331	1000	1
331	819	1
331	773	1
331	417	1
331	334	1
332	573	1
332	333	1
333	899	1
333	767	1
333	334	1
334	911	1
334	906	1
334	765	1
334	763	1
334	416	1
334	352	1
334	344	1
335	759	1
336	950	1
336	949	1
336	948	1
337	1081	1
337	437	1
338	919	1
338	791	1
338	775	1
339	442	1
340	424	1
341	843	1
341	460	1
341	459	1
341	345	1
341	342	1
342	999	1
342	969	1
342	963	1
342	771	1
342	757	1
342	402	1
343	956	1
343	955	1
343	388	1
343	384	1
343	380	1
343	344	1
344	905	1
344	799	1
344	461	1
345	776	1
346	951	1
347	776	1
347	348	1
348	971	1
348	970	1
348	969	1
348	951	1
348	928	1
349	508	1
349	385	1
350	508	1
350	351	1
351	1020	1
351	970	1
351	766	1
353	1082	1
353	902	1
353	885	1
353	761	1
353	401	1
353	354	1
354	1057	1
354	908	1
354	903	1
355	958	1
356	871	1
356	733	1
356	357	1
357	1087	1
357	748	1
357	401	1
357	358	1
358	1057	1
358	766	1
359	1087	1
359	458	1
360	1087	1
360	458	1
361	1091	1
362	452	1
363	513	1
363	364	1
364	367	1
365	440	1
365	366	1
366	909	1
366	440	1
369	951	1
369	876	1
369	734	1
370	914	1
371	1013	1
372	1013	1
373	374	1
375	917	1
376	766	1
377	898	1
377	378	1
378	853	1
378	839	1
378	757	1
378	423	1
379	955	1
380	381	1
382	1088	1
383	771	1
383	461	1
384	1073	1
385	1097	1
385	1072	1
385	462	1
385	400	1
385	386	1
386	1020	1
386	771	1
386	514	1
387	1021	1
387	1010	1
387	1009	1
387	861	1
387	797	1
387	469	1
388	918	1
388	498	1
388	477	1
389	956	1
390	1097	1
390	515	1
391	954	1
391	953	1
392	800	1
392	463	1
393	804	1
393	803	1
394	818	1
394	802	1
395	1035	1
395	860	1
395	859	1
395	806	1
395	396	1
396	1005	1
396	839	1
397	1051	1
397	1025	1
397	398	1
398	1000	1
398	768	1
399	1035	1
399	488	1
399	485	1
399	474	1
400	1059	1
400	1049	1
402	952	1
403	877	1
404	915	1
405	770	1
407	944	1
407	927	1
409	410	1
410	946	1
410	423	1
411	412	1
412	772	1
412	425	1
413	1001	1
414	1020	1
415	1013	1
417	930	1
420	774	1
420	421	1
421	922	1
422	423	1
424	921	1
424	425	1
427	792	1
427	773	1
428	925	1
428	924	1
428	923	1
428	429	1
429	926	1
430	974	1
434	971	1
434	928	1
435	970	1
436	791	1
436	790	1
436	775	1
437	438	1
438	919	1
439	440	1
442	968	1
443	941	1
446	447	1
447	853	1
449	945	1
450	823	1
450	788	1
454	820	1
456	1011	1
456	457	1
460	866	1
463	957	1
464	842	1
464	818	1
464	803	1
465	807	1
466	858	1
467	1051	1
468	1085	1
469	471	1
469	470	1
470	472	1
471	490	1
472	473	1
473	1033	1
473	489	1
474	475	1
475	476	1
476	1073	1
476	484	1
476	482	1
478	957	1
478	918	1
479	1025	1
479	1002	1
479	862	1
479	856	1
480	1049	1
480	481	1
481	483	1
482	483	1
483	484	1
484	485	1
486	1067	1
486	487	1
487	489	1
488	493	1
488	489	1
489	490	1
491	493	1
491	492	1
492	1021	1
494	968	1
495	976	1
496	973	1
496	972	1
496	964	1
496	929	1
496	497	1
497	963	1
499	797	1
500	1004	1
501	966	1
502	913	1
503	965	1
504	967	1
505	793	1
506	776	1
507	969	1
508	509	1
510	1053	1
511	1081	1
515	954	1
516	867	1
516	521	1
517	1062	1
518	1062	1
518	828	1
519	1102	1
519	524	1
520	1102	1
520	1014	1
521	529	1
522	523	1
523	1062	1
523	1014	1
523	826	1
525	1014	1
526	529	1
527	1083	1
528	1102	1
528	1026	1
528	904	1
528	729	1
528	531	1
529	1026	1
530	531	1
531	535	1
532	981	1
532	749	1
533	888	1
533	887	1
533	826	1
533	537	1
533	536	1
534	872	1
538	752	1
538	741	1
538	730	1
539	831	1
541	1055	1
542	990	1
543	649	1
543	550	1
544	650	1
544	648	1
544	553	1
544	545	1
545	850	1
545	699	1
546	850	1
546	840	1
546	726	1
546	654	1
546	548	1
547	1015	1
548	1036	1
548	653	1
548	550	1
548	549	1
549	916	1
549	725	1
549	562	1
550	1036	1
550	990	1
550	863	1
551	845	1
551	648	1
551	553	1
552	553	1
553	719	1
553	669	1
553	647	1
553	564	1
553	555	1
553	554	1
554	984	1
554	724	1
555	669	1
555	633	1
555	556	1
556	680	1
557	559	1
557	558	1
558	687	1
558	561	1
559	1036	1
560	987	1
560	758	1
561	991	1
561	687	1
561	564	1
561	563	1
561	562	1
562	792	1
562	569	1
563	991	1
563	987	1
563	570	1
564	844	1
564	575	1
565	1090	1
565	993	1
565	724	1
565	577	1
566	905	1
566	764	1
566	763	1
566	762	1
566	622	1
566	584	1
567	690	1
568	991	1
568	569	1
569	1029	1
569	576	1
570	571	1
571	641	1
572	573	1
573	641	1
574	720	1
575	767	1
575	720	1
575	578	1
575	576	1
576	989	1
576	911	1
576	906	1
576	836	1
576	579	1
577	718	1
577	632	1
578	1069	1
578	899	1
580	1069	1
581	1079	1
581	854	1
581	629	1
581	595	1
581	591	1
582	836	1
583	983	1
583	584	1
584	1079	1
584	1044	1
584	1031	1
584	836	1
584	629	1
585	586	1
586	983	1
586	658	1
586	587	1
587	629	1
588	1047	1
589	591	1
590	1047	1
590	596	1
590	594	1
590	591	1
591	666	1
591	614	1
591	595	1
591	593	1
592	689	1
592	645	1
592	596	1
592	593	1
594	617	1
596	688	1
596	630	1
597	1023	1
597	722	1
598	988	1
598	599	1
599	1094	1
599	983	1
599	901	1
599	760	1
599	664	1
600	852	1
601	640	1
602	1022	1
603	1023	1
603	761	1
604	1019	1
604	846	1
604	623	1
605	1048	1
605	1032	1
605	998	1
605	715	1
605	712	1
605	711	1
605	710	1
605	706	1
605	626	1
605	606	1
606	1066	1
606	1031	1
606	995	1
606	662	1
606	609	1
607	838	1
607	658	1
608	663	1
608	611	1
609	1044	1
609	908	1
609	907	1
609	660	1
609	624	1
610	1048	1
610	1032	1
611	1100	1
611	1094	1
612	618	1
612	613	1
613	1104	1
613	618	1
613	617	1
613	614	1
614	1101	1
614	985	1
615	1104	1
615	838	1
615	616	1
616	985	1
616	629	1
617	838	1
617	665	1
618	691	1
619	994	1
619	706	1
619	620	1
620	995	1
620	644	1
621	852	1
621	851	1
621	722	1
621	713	1
621	622	1
622	624	1
623	851	1
623	716	1
623	714	1
623	693	1
623	624	1
624	1099	1
624	1066	1
625	851	1
626	715	1
626	627	1
627	1066	1
627	661	1
628	700	1
628	696	1
628	693	1
631	690	1
631	667	1
632	1090	1
632	677	1
634	845	1
635	986	1
636	986	1
637	852	1
638	846	1
638	639	1
639	640	1
640	903	1
642	1044	1
643	1031	1
644	662	1
646	1006	1
646	699	1
647	1006	1
649	652	1
651	652	1
653	701	1
654	701	1
655	677	1
656	841	1
656	677	1
657	841	1
657	677	1
659	1104	1
659	722	1
659	660	1
661	694	1
662	855	1
664	1100	1
664	1092	1
667	668	1
668	1029	1
670	1023	1
670	671	1
671	672	1
672	673	1
674	1082	1
675	841	1
676	844	1
678	692	1
678	679	1
679	1101	1
680	719	1
681	988	1
681	682	1
683	885	1
684	984	1
685	1015	1
686	1006	1
693	694	1
694	1099	1
695	702	1
695	696	1
697	947	1
698	1064	1
699	845	1
703	993	1
703	989	1
704	854	1
705	855	1
706	996	1
706	707	1
708	997	1
709	997	1
709	996	1
712	713	1
713	714	1
716	717	1
719	723	1
721	1092	1
722	988	1
723	724	1
725	984	1
725	727	1
726	863	1
726	840	1
726	727	1
728	817	1
731	1083	1
731	912	1
732	1042	1
734	877	1
735	1007	1
737	928	1
737	893	1
739	813	1
739	750	1
740	912	1
742	889	1
742	785	1
743	876	1
744	870	1
745	878	1
747	1058	1
747	827	1
748	1039	1
749	873	1
751	894	1
752	886	1
756	757	1
759	949	1
759	900	1
760	950	1
764	907	1
765	854	1
768	1005	1
768	963	1
773	792	1
775	790	1
777	936	1
777	935	1
777	811	1
778	1017	1
779	1017	1
780	796	1
780	795	1
784	849	1
785	1026	1
785	889	1
786	825	1
787	932	1
787	823	1
788	789	1
789	824	1
790	915	1
793	967	1
797	861	1
798	1097	1
798	799	1
799	1098	1
800	1033	1
800	807	1
800	801	1
802	1012	1
802	1008	1
803	804	1
804	1033	1
805	865	1
805	859	1
805	806	1
806	1008	1
809	1071	1
809	976	1
813	815	1
814	815	1
816	891	1
818	1012	1
819	1000	1
821	931	1
823	824	1
826	1055	1
827	1058	1
828	1019	1
829	979	1
830	884	1
831	1026	1
831	889	1
840	863	1
844	990	1
846	1022	1
846	1019	1
850	1015	1
855	1101	1
856	1095	1
857	1095	1
857	1089	1
858	1085	1
859	860	1
861	929	1
862	1025	1
862	1002	1
864	1007	1
865	1063	1
866	1009	1
870	915	1
870	882	1
875	952	1
878	881	1
880	961	1
881	1076	1
887	1093	1
890	1042	1
891	895	1
892	1043	1
894	1041	1
897	980	1
902	903	1
909	1078	1
910	925	1
912	1083	1
913	973	1
913	965	1
914	919	1
918	957	1
921	1056	1
921	968	1
923	924	1
924	927	1
926	1024	1
927	959	1
929	964	1
930	1098	1
932	945	1
934	935	1
938	1050	1
938	939	1
939	1050	1
940	941	1
943	1053	1
944	1078	1
949	950	1
952	971	1
953	955	1
956	1028	1
958	1046	1
960	1034	1
964	967	1
965	1074	1
966	1074	1
972	1010	1
972	973	1
985	1101	1
986	1092	1
989	993	1
994	995	1
996	998	1
997	998	1
1001	1072	1
1003	1095	1
1003	1075	1
1008	1012	1
1016	1089	1
1016	1063	1
1022	1082	1
1028	1088	1
1029	1079	1
1032	1100	1
1037	1038	1
1047	1064	1
1048	1094	1
1051	1085	1
1054	1084	1
1059	1096	1
1060	1061	1
1064	1069	1
1070	1071	1
1075	1077	1
1077	1096	1
1089	1095	1
